1542
781
1174
1343
1625
1773
1953
1968
1989
2210
2060
2255
2535
2554
2528
2709
2789
2966
3090
3351
3410
3711
3938
4234
4335
4080
4910
5240
5542
5605
5635
5343
5478
5888
5889
6035
5528
5709
5614
5450
5007
5210
5081
5048
5003
4956
5318
4765
5331
5163
5193
5133
5244
5298
5465
5409
5571
5695
5401
5546
5904
5264
5563
5501
5739
5698
6004
5898
5413
5633
5617
5538
5254
5324
4979
4901
4756
4732
4363
4266
4023
4194
3867
4196
4030
3817
3948
3883
3821
3516
3707
3632
3545
3459
3602
3396
3694
3520
3785
3545
3423
3421
3211
3376
3462
3333
3257
3476
3402
3442
3416
3377
3242
3477
3774
3750
3812
4180
4399
4400
4385
4668
4332
4712
4664
4614
4633
4189
4287
4515
4887
4872
4321
4953
4990
5251
5265
4938
5043
5523
5586
5755
6005
5160
5369
5404
6127
5681
5032
5676
5003
5194
4816
4427
4633
4452
4605
4139
4277
4080
3540
4193
4150
4016
3372
4080
4066
4177
4435
3508
4182
3797
4570
4287
4526
4416
2910
4426
4659
4704
3420
4212
4209
4026
4417
4099
4558
3694
4766
4707
4503
4495
3739
4652
4938
4855
4309
5048
5320
4844
5220
4457
5369
4568
5516
5002
5606
5234
4162
5254
4622
4958
4218
5075
4362
4488
4554
4136
4048
3814
4329
3502
3296
2952
3299
3265
3277
2834
2285
2691
2734
2537
2160
2079
2370
2183
2270
1788
2405
2127
2734
2675
2964
2938
1946
2643
2224
2358
1713
1696
1450
894
1030
642
503
1069
7
7
20
29
50
69
121
181
196
310
247
389
440
488
511
624
785
845
1084
974
1274
1099
1368
1279
1417
1445
1490
1724
1651
1779
1773
2041
1934
2028
2214
2206
2429
2359
2486
2523
2670
2873
2939
3201
3301
3652
3826
4018
4464
4312
4467
4373
4754
4686
4715
4828
4977
5036
5057
5143
5416
5668
5524
6239
5769
6106
5891
5767
6050
5422
6043
5589
5824
5815
5767
5581
5167
5317
5134
5317
5284
5164
5157
5169
5675
5309
5515
5215
5395
5399
5543
5745
5634
6052
5909
6423
6186
6443
6707
6289
6978
6883
7392
7630
7354
7300
6769
7251
7344
7318
7961
7405
7403
6506
6541
6472
6333
6666
6586
6193
6435
6022
6492
6166
6405
6624
6248
6672
5933
6213
5727
5466
5509
4718
5054
4583
4484
4446
4359
4435
4191
4097
4067
4150
4085
3978
3934
3932
3990
3961
3990
4005
4183
4187
3874
3993
4275
4219
4283
4472
4472
4286
4540
4426
4754
4764
4769
4992
4832
4949
5160
4667
5156
4850
5190
5508
4911
5298
4789
5156
4976
5077
5069
4730
5110
4484
4770
4770
4162
4591
4056
4787
4505
3981
4501
3838
4743
4542
3394
4458
3870
4645
3480
4242
4383
3409
4242
3776
3682
4012
3746
4304
3316
4007
4147
3427
4297
3887
4987
5016
4073
5585
4540
4970
4514
3930
3936
2960
3124
3018
2922
2941
3005
3233
3210
2536
3165
3243
3155
4118
3027
3777
2255
1658
1740
1051
1222
800
863
578
479
422
245
197
83
164
623
154
200
273
368
422
564
605
881
939
1140
1125
1161
1369
1243
1505
1453
1707
1745
1816
2141
2036
2489
2286
2597
2404
2569
2665
2898
2896
2936
3352
3219
3301
3462
3359
3467
3742
3364
3785
3882
3777
3899
4020
3980
4020
4118
3957
4222
4245
4266
4526
4366
4815
4566
4877
4456
4619
4597
4522
4640
4367
4375
4324
4436
4247
4634
4948
4831
5091
4794
5391
5067
5595
5193
5754
5975
5733
6002
5663
6226
6173
6492
5897
6627
6887
6707
7277
7032
7051
6777
7015
7261
6715
7421
6510
7414
6746
6899
7051
7220
7534
7455
7914
7981
7920
7577
7835
8366
7900
8941
8486
8341
8707
8103
7583
7163
7660
7469
7622
7463
7448
6831
6390
5901
5599
5636
5263
5303
5068
5150
5011
4713
4758
4659
4992
4563
4765
4655
4562
4542
4382
4528
4345
4462
4320
4654
4342
4177
4507
4464
4561
4658
4491
4889
4840
4506
5026
4412
4905
4959
4878
4835
4259
4679
4148
4669
4504
3870
4472
3873
4418
4306
4384
4232
3594
4360
4214
4578
4180
4450
3449
4138
4291
4491
4429
3578
4513
3760
4555
4607
3562
4219
2697
4223
4159
3573
4257
2964
4246
3810
4276
4872
3698
5036
4073
5440
5004
5801
4254
4246
5697
4934
4516
3100
3518
2636
2878
3696
3121
3088
2979
3313
3851
2989
3555
2002
2252
1460
1363
1168
873
1198
825
1064
809
811
549
568
427
431
331
350
307
226
204
132
148
102
72
48
39
29
21
23
43
