# Histograma de Borda (R, G, B)
0 0 0
0 0 0
1231 51 4557
0 0 0
0 0 0
0 0 0
1906 357 6868
0 0 0
0 0 0
0 0 0
3948 1059 8191
0 0 0
0 0 0
0 0 0
5170 1978 10040
0 0 0
0 0 0
0 0 0
6594 3378 11839
0 0 0
0 0 0
0 0 0
8658 4814 14248
0 0 0
0 0 0
0 0 0
10061 5919 17453
0 0 0
0 0 0
0 0 0
11892 7054 20610
0 0 0
0 0 0
0 0 0
13154 8214 22114
0 0 0
0 0 0
0 0 0
14077 9635 21365
0 0 0
0 0 0
0 0 0
15248 11523 19637
0 0 0
0 0 0
0 0 0
15823 14264 19511
0 0 0
0 0 0
0 0 0
16837 16981 20185
0 0 0
0 0 0
0 0 0
17782 18393 20636
0 0 0
0 0 0
0 0 0
17503 19207 21162
0 0 0
0 0 0
0 0 0
17305 21479 21142
0 0 0
0 0 0
0 0 0
17624 22099 21905
0 0 0
0 0 0
0 0 0
18921 21795 21021
0 0 0
0 0 0
0 0 0
20336 21692 19672
0 0 0
0 0 0
0 0 0
21857 20365 17570
0 0 0
0 0 0
0 0 0
23447 20262 15909
0 0 0
0 0 0
0 0 0
25778 20910 15204
0 0 0
0 0 0
0 0 0
26082 21405 14163
0 0 0
0 0 0
0 0 0
26304 22729 13710
0 0 0
0 0 0
0 0 0
26588 24204 13902
0 0 0
0 0 0
0 0 0
28226 27134 13113
0 0 0
0 0 0
0 0 0
29451 26974 13121
0 0 0
0 0 0
0 0 0
31010 27385 13136
0 0 0
0 0 0
0 0 0
30355 25530 13748
0 0 0
0 0 0
0 0 0
28110 24172 15704
0 0 0
0 0 0
0 0 0
26502 23815 16714
0 0 0
0 0 0
0 0 0
21909 23840 16712
0 0 0
0 0 0
0 0 0
20329 21946 17377
0 0 0
0 0 0
0 0 0
18909 19161 17882
0 0 0
0 0 0
0 0 0
18352 17365 19294
0 0 0
0 0 0
0 0 0
17560 16339 20534
0 0 0
0 0 0
0 0 0
17330 15763 20120
0 0 0
0 0 0
0 0 0
17035 15559 18794
0 0 0
0 0 0
0 0 0
18021 15674 16868
0 0 0
0 0 0
0 0 0
17928 16596 15724
0 0 0
0 0 0
0 0 0
17831 16988 14585
0 0 0
0 0 0
0 0 0
16824 18254 14477
0 0 0
0 0 0
0 0 0
15270 18703 14511
0 0 0
0 0 0
0 0 0
15120 19406 15858
0 0 0
0 0 0
0 0 0
15199 18682 14827
0 0 0
0 0 0
0 0 0
14262 18425 14339
0 0 0
0 0 0
0 0 0
14615 17349 14895
0 0 0
0 0 0
0 0 0
13662 15920 15992
0 0 0
0 0 0
0 0 0
12778 14900 15954
0 0 0
0 0 0
0 0 0
11592 14740 16950
0 0 0
0 0 0
0 0 0
12406 13681 16344
0 0 0
0 0 0
0 0 0
12910 13142 17166
0 0 0
0 0 0
0 0 0
12613 12461 15437
0 0 0
0 0 0
0 0 0
10426 11454 13937
0 0 0
0 0 0
0 0 0
8596 11899 13050
0 0 0
0 0 0
0 0 0
8434 12229 10890
0 0 0
0 0 0
0 0 0
7041 10166 10012
0 0 0
0 0 0
0 0 0
4025 8790 8567
0 0 0
0 0 0
0 0 0
3355 8890 7216
0 0 0
0 0 0
0 0 0
2109 9194 7019
0 0 0
0 0 0
0 0 0
1358 7232 8392
0 0 0
0 0 0
0 0 0
696 4256 6949
0 0 0
0 0 0
0 0 0
251 2181 4824
0 0 0
0 0 0
0 0 0
113 677 2993
0 0 0
