# Histograma de Interior (R, G, B)
0 0 0
0 0 0
19 12 283
0 0 0
0 0 0
0 0 0
53 64 451
0 0 0
0 0 0
0 0 0
137 83 323
0 0 0
0 0 0
0 0 0
108 85 286
0 0 0
0 0 0
0 0 0
127 310 357
0 0 0
0 0 0
0 0 0
294 206 1045
0 0 0
0 0 0
0 0 0
174 157 1112
0 0 0
0 0 0
0 0 0
190 190 1515
0 0 0
0 0 0
0 0 0
187 168 1176
0 0 0
0 0 0
0 0 0
281 162 936
0 0 0
0 0 0
0 0 0
330 160 709
0 0 0
0 0 0
0 0 0
252 533 531
0 0 0
0 0 0
0 0 0
422 635 635
0 0 0
0 0 0
0 0 0
842 590 780
0 0 0
0 0 0
0 0 0
691 1006 1051
0 0 0
0 0 0
0 0 0
401 1368 1090
0 0 0
0 0 0
0 0 0
641 1434 1434
0 0 0
0 0 0
0 0 0
1186 1309 1180
0 0 0
0 0 0
0 0 0
1273 1295 786
0 0 0
0 0 0
0 0 0
1516 570 547
0 0 0
0 0 0
0 0 0
1341 512 371
0 0 0
0 0 0
0 0 0
1720 804 474
0 0 0
0 0 0
0 0 0
1793 677 513
0 0 0
0 0 0
0 0 0
1603 1289 292
0 0 0
0 0 0
0 0 0
1522 1421 642
0 0 0
0 0 0
0 0 0
1897 1749 318
0 0 0
0 0 0
0 0 0
1862 1700 407
0 0 0
0 0 0
0 0 0
2683 2643 501
0 0 0
0 0 0
0 0 0
2379 1392 495
0 0 0
0 0 0
0 0 0
1804 1606 1087
0 0 0
0 0 0
0 0 0
1630 1300 1383
0 0 0
0 0 0
0 0 0
490 2109 1388
0 0 0
0 0 0
0 0 0
203 1393 1184
0 0 0
0 0 0
0 0 0
213 703 1633
0 0 0
0 0 0
0 0 0
193 359 1475
0 0 0
0 0 0
0 0 0
237 166 1972
0 0 0
0 0 0
0 0 0
448 166 2461
0 0 0
0 0 0
0 0 0
674 387 2111
0 0 0
0 0 0
0 0 0
857 563 1460
0 0 0
0 0 0
0 0 0
921 653 1377
0 0 0
0 0 0
0 0 0
1100 736 1314
0 0 0
0 0 0
0 0 0
1176 1025 1218
0 0 0
0 0 0
0 0 0
1363 905 1411
0 0 0
0 0 0
0 0 0
1396 1298 1941
0 0 0
0 0 0
0 0 0
2133 1472 1872
0 0 0
0 0 0
0 0 0
2066 1427 1528
0 0 0
0 0 0
0 0 0
2396 1785 1873
0 0 0
0 0 0
0 0 0
2822 1676 2479
0 0 0
0 0 0
0 0 0
2520 1925 2230
0 0 0
0 0 0
0 0 0
3448 2397 2571
0 0 0
0 0 0
0 0 0
4250 2556 3270
0 0 0
0 0 0
0 0 0
6643 2668 4192
0 0 0
0 0 0
0 0 0
7385 3283 3559
0 0 0
0 0 0
0 0 0
5642 3443 4206
0 0 0
0 0 0
0 0 0
3735 6288 3502
0 0 0
0 0 0
0 0 0
4797 6939 3189
0 0 0
0 0 0
0 0 0
3757 5174 2663
0 0 0
0 0 0
0 0 0
839 3215 1680
0 0 0
0 0 0
0 0 0
541 3094 1576
0 0 0
0 0 0
0 0 0
246 4487 1571
0 0 0
0 0 0
0 0 0
61 3485 2919
0 0 0
0 0 0
0 0 0
14 557 2222
0 0 0
0 0 0
0 0 0
10 161 929
0 0 0
0 0 0
0 0 0
3 12 251
0 0 0
