0
0
0
0
0
0
0
1
0
0
0
0
0
1
0
0
0
0
0
0
0
0
1
1
1
1
0
0
3
2
1
0
2
2
2
3
3
2
3
0
2
0
1
3
3
3
2
4
10
2
6
21
11
17
18
23
48
49
74
66
97
115
105
111
111
151
151
190
259
252
349
307
376
277
320
302
299
255
236
228
213
218
216
237
188
184
207
211
208
252
227
243
269
249
328
271
289
304
379
338
351
371
372
372
410
386
393
386
400
332
359
305
321
422
370
333
356
415
373
396
430
417
422
408
445
398
407
409
425
452
444
494
449
480
412
469
483
426
515
445
504
512
468
449
463
468
430
480
491
457
489
498
478
484
530
428
541
468
570
526
381
667
670
608
496
553
615
666
774
645
678
598
864
885
924
943
439
1037
888
1002
690
790
769
750
874
862
844
426
982
944
992
1003
502
917
919
1068
817
1015
1065
877
1151
1093
1085
486
1137
1067
1155
1082
474
1147
1056
1041
645
1074
1095
968
1092
833
923
845
1226
1047
853
822
823
1177
1209
1020
677
1115
1237
1123
919
738
1008
941
947
566
1114
834
1291
1165
1608
1449
633
1015
855
686
386
527
297
71
28
32
12
41
0
0
0
0
0
0
0
0
0
0
0
0
0
0
0
0
0
0
0
0
0
0
0
0
0
0
0
1
0
0
2
0
0
1
1
2
4
1
0
2
0
0
3
0
4
1
1
4
2
1
0
3
1
1
6
4
3
8
6
5
5
13
8
15
12
25
11
22
24
34
53
52
45
51
65
61
64
63
94
87
129
120
127
126
120
126
134
117
151
133
140
189
200
186
232
252
260
295
331
374
430
508
546
715
595
425
446
429
439
430
457
447
463
413
489
480
455
524
511
533
472
483
520
504
510
524
496
559
498
504
572
511
513
510
528
490
537
561
565
543
539
536
560
582
584
624
581
591
589
568
600
521
531
532
494
465
529
437
492
483
434
495
445
438
452
442
457
451
500
499
437
440
457
423
409
414
415
421
392
392
416
385
401
436
433
423
480
617
577
665
649
755
828
581
915
846
971
1052
565
1137
899
1125
758
1066
1088
853
1101
839
1110
1116
1021
1287
729
1384
1192
960
1285
986
1374
1381
1243
1347
1126
1528
1302
1651
1592
1051
1530
1461
1403
1578
1433
1872
1768
1222
1906
1735
1982
2626
1813
2132
1000
391
371
61
28
12
10
4
2
6
3
5
0
2
0
0
0
0
0
0
0
0
0
0
0
0
0
0
0
0
0
0
0
0
0
0
0
0
0
0
0
2
2
1
1
3
1
3
2
2
1
0
3
3
2
1
0
1
5
3
3
1
1
5
3
4
9
5
3
10
6
11
17
23
17
30
19
34
35
33
41
56
59
52
81
61
91
73
80
102
116
142
158
183
178
209
219
171
185
173
188
203
209
187
211
244
228
260
276
265
344
327
374
410
437
466
547
535
594
570
632
664
744
670
813
610
767
658
676
655
688
653
656
619
656
679
586
622
653
611
567
606
672
643
675
630
542
614
584
611
562
627
601
640
598
542
621
618
609
612
588
550
486
474
457
522
493
457
506
450
454
511
445
468
488
453
439
441
392
388
428
431
439
342
370
347
406
372
438
414
383
506
518
629
690
592
799
784
1112
1047
711
1038
899
1205
1116
1023
1047
443
1160
1144
1063
1271
772
1253
1124
1470
1599
1086
1486
1222
1837
1661
1512
1123
1110
1745
1726
1550
1192
1670
1126
1623
2176
1913
2045
1811
2312
2690
2017
2465
1121
1138
496
312
75
30
13
13
9
15
5
4
3
3
1
2
0
0
0
0
0
0
0
0
0
0
0
0
0
0
57
14
24
33
41
36
59
57
70
84
104
95
112
108
96
124
117
132
152
142
164
139
168
178
194
206
202
225
240
213
224
180
195
226
211
203
183
211
212
222
234
217
241
225
225
238
285
243
272
249
241
243
275
249
273
247
292
253
253
269
251
255
213
237
235
252
234
256
238
269
293
286
334
366
330
320
341
367
334
345
345
415
418
400
427
417
463
412
452
413
463
472
453
432
408
391
414
422
392
391
405
380
359
374
418
406
394
368
409
411
394
457
400
471
442
417
427
408
458
409
400
446
438
406
428
408
378
406
422
508
495
529
390
551
651
621
617
624
613
520
687
665
666
710
445
849
800
989
565
941
851
772
827
776
881
634
865
806
874
842
424
842
821
832
525
787
768
882
879
796
914
383
849
839
835
825
251
741
923
876
561
688
720
695
822
864
833
276
872
856
726
866
447
756
838
831
638
856
856
615
916
696
969
468
1071
1232
1046
1025
741
1090
998
943
586
1165
984
782
661
580
717
639
626
351
514
478
571
442
417
410
313
309
274
211
181
159
156
137
137
103
147
120
173
178
194
266
174
302
260
392
345
389
474
352
448
252
281
492
0
0
0
0
0
1
0
0
0
0
0
0
1
0
1
0
0
0
1
1
1
1
5
2
2
5
9
12
16
12
14
21
17
26
21
31
31
31
56
40
59
54
62
76
84
101
75
113
109
143
142
118
132
142
155
163
180
194
170
187
199
202
199
234
246
236
272
251
256
278
241
281
304
268
343
334
308
362
330
361
350
367
369
399
415
382
453
423
466
467
458
550
455
521
544
525
577
505
515
432
472
472
451
532
459
486
436
447
486
484
479
486
510
479
513
439
483
448
499
510
500
504
498
511
495
466
481
411
444
463
409
399
425
405
422
427
397
443
431
441
468
437
447
464
430
467
484
470
444
439
450
467
495
492
448
448
470
487
531
505
512
517
537
526
598
664
658
678
556
699
806
613
747
682
822
967
705
1003
824
1002
958
1027
990
873
1033
618
949
966
734
947
700
993
870
811
981
661
1107
1032
537
895
963
1118
613
972
915
808
1033
909
986
956
864
1121
874
1215
1103
1002
1172
1081
1718
1712
1092
1863
1277
1677
1517
882
911
639
637
675
503
388
359
207
169
173
172
219
169
263
245
302
304
266
388
294
437
316
434
340
260
243
137
104
45
60
1
0
0
0
0
0
0
2
2
2
1
1
0
6
3
3
5
7
6
7
4
8
6
11
11
13
9
13
14
29
16
17
28
24
31
25
35
35
34
41
60
60
61
62
63
80
76
54
72
72
99
87
90
100
124
137
113
161
155
180
196
202
233
212
245
241
247
280
261
311
327
321
346
345
288
346
373
415
401
405
462
445
519
432
547
535
571
534
594
567
552
613
554
549
670
612
649
561
591
593
613
654
600
613
616
564
478
608
530
560
542
567
529
494
480
540
474
544
519
478
507
534
547
481
507
506
440
497
461
481
452
485
421
387
435
428
427
471
432
439
391
395
383
411
417
449
474
450
440
409
410
481
468
380
408
397
438
476
396
485
485
582
670
668
745
527
837
794
821
985
652
1091
1165
1347
1359
780
1284
1087
1293
1235
1304
811
1060
1006
1266
1177
1015
1189
677
1162
1307
1171
1145
365
1061
1054
1111
1182
727
1159
839
1227
1320
1069
1420
920
1583
1667
1911
1382
1119
1981
1593
1521
789
729
507
536
532
361
245
282
240
249
211
262
235
266
268
225
256
201
338
211
274
204
244
137
176
148
147
107
121
107
83
90
42
51
37
32
10
7
7
3
2
1
0
0
0
0
0
0
0
0
0
0
1
2
0
0
4
1
6
4
7
7
11
10
15
29
24
37
40
51
39
61
68
92
91
93
121
122
141
150
147
143
152
155
191
210
240
224
221
203
241
245
282
265
281
276
243
258
296
239
295
278
297
270
281
273
265
283
269
278
296
285
310
280
262
320
297
323
327
324
314
318
290
339
329
317
322
338
321
337
334
313
357
323
350
358
364
360
357
337
357
376
373
392
364
339
323
371
402
383
484
516
527
455
368
536
515
696
405
701
728
777
743
515
762
760
995
830
769
733
630
916
922
902
461
918
853
900
921
473
838
864
940
737
783
755
623
785
920
882
351
913
816
810
801
354
771
820
852
585
760
726
721
864
807
756
500
837
809
838
846
407
857
955
981
724
914
926
581
891
970
944
428
911
909
846
804
453
839
912
907
751
696
644
687
840
852
688
420
833
964
764
768
425
855
977
910
355
989
945
897
828
457
950
985
1087
618
1130
1037
1137
1023
875
1050
888
635
487
616
475
420
217
219
203
150
149
143
138
139
108
126
132
119
120
123
123
118
115
86
101
114
109
132
129
188
139
250
106
40
43
0
0
0
0
0
0
0
0
0
0
0
0
0
0
0
0
0
0
0
0
0
1
0
0
0
0
0
0
0
0
0
1
2
1
0
1
0
1
2
6
3
4
2
4
3
5
6
13
12
15
18
13
27
18
32
56
45
51
67
78
79
91
105
139
135
136
163
137
181
171
214
227
226
255
244
309
284
267
305
301
307
292
318
299
324
327
384
328
343
377
321
338
346
324
340
333
333
335
352
371
381
375
355
381
385
410
431
390
471
422
437
487
485
481
505
503
532
533
527
553
553
525
564
540
595
565
579
579
588
573
587
571
633
572
584
591
595
561
567
563
534
540
521
540
460
496
432
486
556
637
549
596
792
795
573
841
854
904
749
1009
1049
751
1066
944
1001
1080
845
1083
924
943
992
659
993
709
1017
987
910
1128
764
1005
952
995
1051
829
1034
1019
932
979
686
911
710
1069
960
835
992
789
1092
1092
804
1103
667
1190
1024
1176
1257
692
1188
1122
773
1130
1114
1194
1022
793
1216
903
1210
1330
1377
1396
1218
1862
1647
1194
1120
754
892
559
227
138
160
181
209
191
106
119
83
135
105
112
88
134
122
96
173
169
171
136
64
35
30
26
10
3
4
9
0
0
0
0
0
0
0
1
0
0
0
0
0
0
2
3
2
1
2
0
1
0
2
0
3
1
3
9
6
6
8
7
10
6
11
13
16
15
19
15
30
25
27
42
30
33
30
34
44
43
60
44
65
66
77
83
94
118
92
114
117
126
134
153
165
152
207
175
206
191
203
231
231
236
201
245
254
272
283
249
291
250
307
268
277
291
307
287
281
345
293
339
360
354
390
324
422
355
382
380
407
415
412
440
431
461
447
497
536
514
551
557
537
542
568
578
605
611
656
670
683
670
678
617
662
747
723
699
737
687
757
668
655
711
681
709
602
637
600
583
536
555
551
523
560
569
642
728
660
923
1055
810
977
747
1186
1177
1049
1258
856
1292
1223
1181
1100
642
1195
1116
1127
1112
630
1137
1018
1090
1073
1068
759
765
1108
1197
1247
938
1050
797
1080
1230
1009
1100
802
1276
1226
1240
1334
598
1238
1112
1297
1294
751
1170
871
1254
1334
977
1358
939
1567
1345
1497
1147
1847
1219
1470
1390
925
834
368
446
178
94
146
125
100
159
121
135
137
96
85
109
78
127
137
56
185
88
142
181
64
22
42
13
17
13
15
19
5
3
8
8
8
2
1
1
1
0
0
0
3
0
2
1
2
6
2
1
4
10
10
16
22
30
57
48
73
86
118
149
208
282
278
399
408
364
410
521
497
526
575
622
568
716
644
690
662
623
671
657
612
683
644
618
715
747
741
709
792
770
784
804
853
910
815
824
951
849
914
998
1075
993
1124
1035
1004
1047
1081
1082
1127
1172
1068
1078
1135
1108
1053
954
1030
987
1038
920
843
960
773
955
911
781
782
685
670
641
591
555
592
570
593
511
482
466
459
438
429
380
375
422
379
336
375
378
357
345
338
328
314
309
375
359
316
343
311
282
358
359
339
307
294
324
298
302
304
262
323
343
325
300
290
308
306
298
299
304
301
322
348
313
298
327
304
306
309
335
316
325
336
321
325
321
351
335
326
312
332
321
301
326
318
350
400
338
379
347
344
359
361
377
377
335
353
360
403
388
347
367
347
344
364
399
402
370
366
395
380
360
385
409
394
445
389
419
365
465
366
380
447
388
393
433
446
421
399
436
451
522
530
440
495
479
565
589
421
483
511
434
421
435
401
376
403
342
329
313
328
313
267
291
283
257
304
272
269
287
344
390
307
397
460
606
449
574
367
291
197
143
83
64
40
80
0
0
0
0
0
0
0
0
0
0
1
1
0
1
0
2
7
10
11
21
14
24
37
43
39
52
65
91
95
94
107
117
168
209
192
216
253
284
247
235
307
339
378
346
395
410
488
465
576
584
620
615
767
776
885
898
963
941
870
932
1013
1055
956
1178
1077
1121
1073
1040
1124
938
1083
1027
1069
1164
1165
1150
1048
1088
1063
1177
1229
1124
1165
1125
1288
1050
1041
927
876
891
846
870
813
802
822
777
743
806
771
721
778
765
734
728
728
669
635
628
627
611
628
594
574
527
529
504
477
482
469
474
429
454
456
451
410
405
434
433
406
407
445
428
387
391
402
392
379
379
427
416
399
412
391
411
413
414
376
422
412
389
453
389
443
443
428
388
445
455
456
485
452
484
439
466
507
464
482
488
503
433
488
461
480
485
498
513
533
490
484
511
486
531
560
552
570
556
552
514
557
561
617
592
588
516
465
452
471
438
524
448
474
343
342
306
371
338
286
294
233
234
235
226
215
199
211
172
171
136
143
137
142
122
114
135
108
129
102
119
138
116
147
110
166
183
268
302
325
415
327
459
365
519
354
370
311
210
207
109
83
55
49
27
9
3
1
2
25
5
7
8
8
7
8
7
20
15
26
28
29
32
46
38
63
68
96
85
101
97
124
114
144
137
160
180
216
220
248
310
310
389
399
389
428
452
496
562
568
617
676
703
717
737
775
839
810
830
884
942
936
1074
1035
1193
1079
1110
1046
1061
1132
1047
1059
1044
1092
998
1197
1147
1140
1075
1052
1003
1027
888
895
972
909
948
867
912
866
879
864
900
974
927
912
1030
1024
968
880
967
976
815
833
784
778
795
675
712
665
660
651
618
702
659
625
651
656
586
604
586
543
556
503
493
512
518
568
479
543
540
495
470
491
539
531
500
506
543
475
511
453
521
450
542
524
509
565
546
531
501
563
536
556
551
572
560
534
542
540
565
561
612
574
562
593
596
638
604
625
628
645
590
588
561
495
507
445
464
399
436
365
346
391
384
402
417
450
423
455
382
334
321
300
273
284
231
249
222
230
200
188
194
191
172
161
139
133
134
117
140
145
155
127
138
124
120
122
96
108
108
126
142
167
151
201
154
171
189
140
189
158
215
185
202
210
228
224
268
275
221
252
174
275
108
165
97
121
69
86
52
41
45
33
10
5
5
0
1
0
0
0
0
0
0
165
43
58
76
93
129
132
191
204
291
300
416
439
492
561
580
684
694
761
829
748
819
833
892
896
755
904
913
891
930
947
906
864
925
958
924
988
914
892
871
828
889
892
866
803
811
796
760
758
803
806
721
795
789
776
689
699
611
610
588
619
668
617
629
566
581
608
569
596
582
594
569
584
561
551
525
523
534
511
511
507
507
505
498
522
503
480
476
437
480
500
491
479
475
490
471
466
462
467
402
476
404
432
449
477
435
385
430
432
457
450
430
468
437
469
455
478
444
421
453
418
411
427
432
446
429
413
408
370
436
478
456
445
446
488
484
513
549
598
606
619
723
634
523
492
480
491
411
398
453
464
563
445
452
403
393
360
382
401
404
381
375
400
334
317
316
301
306
346
299
320
308
313
303
340
305
280
336
331
355
355
365
355
324
440
436
499
524
453
511
462
407
488
456
481
471
485
389
414
421
392
304
330
324
276
263
236
216
197
208
206
205
240
187
217
214
280
239
240
301
204
162
173
150
167
154
154
207
154
150
195
191
194
234
202
309
274
285
342
322
413
381
335
307
205
253
217
194
105
76
59
35
45
31
28
57
1
0
0
0
1
1
0
2
1
3
3
8
5
11
15
17
24
33
61
74
100
119
150
172
250
235
271
380
335
357
385
428
475
448
534
524
653
602
617
629
628
651
656
686
723
758
789
766
880
759
823
779
828
779
808
798
737
835
821
776
799
847
842
814
789
833
806
810
787
788
803
763
741
737
741
715
703
713
716
747
683
730
686
722
776
760
742
714
729
759
743
789
734
661
595
646
670
634
595
564
666
672
649
652
625
569
580
602
511
551
570
498
493
514
503
510
497
497
499
482
486
473
436
462
494
475
517
505
558
553
667
694
708
598
544
579
535
593
613
674
620
598
563
573
599
546
577
494
506
527
509
515
562
509
555
487
587
539
573
565
541
533
567
559
551
551
578
610
622
627
644
716
804
736
844
856
725
712
686
681
629
636
540
576
529
442
427
420
395
361
352
349
312
302
372
301
317
248
312
239
234
198
184
193
181
187
159
156
141
146
121
119
133
124
139
120
147
98
130
149
129
144
157
176
141
228
192
286
253
292
292
242
309
211
278
242
279
318
231
313
225
291
167
142
148
58
75
44
64
35
29
24
21
23
7
16
44
8
13
10
14
10
10
22
24
36
42
38
52
86
94
107
146
186
173
227
288
300
373
384
448
475
511
583
614
656
668
799
711
759
808
775
776
785
672
833
828
742
840
797
870
842
782
720
785
809
802
819
789
798
822
778
753
773
730
776
815
775
754
796
718
689
722
844
740
782
731
777
719
696
704
779
767
766
761
753
731
754
786
706
753
763
724
727
702
675
688
707
686
685
812
699
748
668
737
719
793
777
660
737
679
750
622
588
582
599
603
675
748
730
715
732
684
696
569
615
646
633
609
560
544
534
534
520
436
475
478
431
380
416
388
416
421
448
473
422
410
478
473
480
484
509
515
521
488
554
597
629
728
706
749
689
589
772
555
663
654
708
614
656
553
484
555
539
476
503
475
422
464
392
501
476
519
359
394
343
326
380
318
448
303
328
356
358
321
304
276
210
272
225
185
195
187
207
164
198
167
214
190
193
163
193
158
171
178
198
194
177
223
211
248
202
283
190
286
194
180
188
168
227
160
248
132
198
140
115
153
112
128
106
92
77
68
46
43
27
23
22
15
19
8
5
4
5
3
2
3
1
0
1
0
1
15
4
9
12
24
23
42
55
43
69
108
107
134
198
203
257
253
376
414
474
479
572
660
604
786
604
860
857
864
988
890
981
866
1021
1062
1018
1055
1014
1107
1114
980
1097
1010
1149
1083
1142
1316
1170
1312
1254
1309
1225
1188
1245
1220
1282
1151
1323
1261
1239
1323
1194
1223
1235
1592
1588
1896
1686
1261
1510
1459
1499
1083
1355
1027
1300
1056
1022
810
789
735
712
702
684
710
613
690
626
588
510
563
528
475
476
452
444
446
459
409
422
425
415
391
417
388
387
339
406
374
433
399
423
485
405
481
436
447
401
384
368
369
375
342
375
347
383
402
372
360
360
324
318
308
314
300
285
338
283
269
283
250
257
266
249
228
272
242
265
253
273
238
268
236
241
277
250
255
262
270
229
237
240
239
215
220
240
204
203
246
207
203
215
229
211
229
188
187
184
231
232
207
216
213
200
217
235
252
230
254
258
263
217
203
236
244
227
244
214
209
233
196
196
178
215
199
186
186
176
204
167
205
202
177
192
197
185
169
154
170
153
193
123
162
140
105
135
115
120
102
117
104
84
87
74
84
60
62
72
59
54
40
44
35
35
21
21
20
14
12
10
5
6
1
2
2
0
0
1
0
0
2
2
3
3
2
1
6
5
6
8
6
4
12
14
28
25
18
36
26
53
52
56
65
73
92
106
115
130
105
132
181
152
190
197
239
257
336
349
381
447
428
548
543
700
667
723
728
782
913
829
933
885
986
936
910
1023
926
1081
963
1032
1024
1013
1028
964
1076
961
1043
986
947
1003
942
974
865
940
897
873
908
845
887
798
890
791
852
820
903
886
955
956
960
1025
958
1083
974
1102
1119
1154
1263
1266
1421
1261
1414
1517
1354
1785
1793
1857
2051
1636
1599
1244
1269
1201
1080
1061
934
851
835
793
698
727
740
654
620
646
588
535
541
445
490
439
423
443
440
404
465
482
465
428
402
427
424
391
353
397
350
324
343
329
330
373
334
341
339
330
326
339
322
310
325
328
339
311
330
288
331
341
301
307
303
309
282
329
320
274
292
287
299
290
292
305
292
295
279
297
248
237
239
203
226
196
216
190
198
189
177
181
167
177
142
146
142
125
123
119
129
105
123
113
94
100
111
94
114
100
100
77
76
66
54
54
60
43
46
46
50
32
40
44
42
48
50
44
54
50
42
51
60
36
44
50
47
22
22
18
11
9
6
4
7
3
1
6
130
20
26
47
40
58
54
68
77
100
123
108
124
134
155
214
209
246
284
303
312
317
316
360
390
412
418
508
505
518
562
613
630
602
705
674
737
746
673
738
850
872
812
876
779
862
871
834
842
856
842
802
815
818
837
785
814
866
861
835
820
836
860
801
794
709
736
760
725
669
647
706
713
614
634
639
679
622
641
630
680
651
650
648
658
720
665
684
667
723
627
678
717
675
711
638
744
751
723
738
785
868
804
893
875
970
825
982
1142
1098
1289
1102
1369
1170
1402
1056
1231
1607
1833
2291
2103
2201
1797
1540
1135
963
974
829
814
675
803
694
743
606
577
591
513
573
497
581
509
482
484
439
429
419
421
370
372
355
313
316
328
328
337
290
275
285
301
270
287
290
305
249
241
241
217
230
192
202
171
216
182
164
173
173
154
140
140
137
123
101
87
94
82
109
91
85
98
80
72
86
73
85
79
89
80
79
75
77
71
75
71
62
73
54
75
59
65
59
55
70
60
62
55
62
71
47
58
53
55
39
45
53
38
47
34
49
25
47
37
35
35
34
40
43
50
37
44
41
34
31
36
24
34
18
13
13
11
8
7
10
7
3
2
4
1018
556
892
976
1182
1276
1328
1265
1185
1210
934
949
984
946
844
894
901
923
830
868
864
892
824
834
913
798
903
881
972
955
976
1105
1010
1053
1056
1041
985
925
938
831
825
722
741
662
651
609
688
574
653
598
477
560
500
492
489
472
466
406
401
351
437
367
360
350
335
318
357
320
289
288
284
324
308
268
296
257
244
259
265
266
268
252
248
266
250
246
250
283
251
261
258
273
231
260
285
248
248
270
255
222
259
239
238
236
275
277
243
274
286
265
276
314
320
277
329
339
430
443
541
567
593
630
451
539
499
493
544
520
543
528
688
789
750
663
729
756
771
780
663
749
638
739
761
643
779
686
876
752
708
677
572
622
477
548
460
403
346
339
292
285
268
248
231
245
266
278
273
271
263
210
259
273
265
268
252
271
228
299
273
294
266
299
327
304
320
322
361
348
366
399
379
401
375
355
484
441
531
521
521
622
566
588
592
681
619
505
557
514
435
469
396
376
293
262
253
171
186
158
133
135
115
103
107
87
97
73
103
86
87
76
69
77
86
88
92
95
96
71
74
96
84
86
95
105
102
74
114
112
104
94
77
42
61
67
28
112
6
6
15
23
30
41
46
106
143
251
174
283
300
372
353
462
520
550
644
575
760
557
721
617
672
666
635
680
626
651
636
722
598
613
659
633
672
638
696
732
726
814
770
960
957
986
1025
1001
1206
1085
1101
1039
1097
1096
933
1010
931
953
906
858
892
768
873
723
711
720
634
634
616
615
580
631
595
566
553
470
558
542
560
513
468
479
432
460
477
439
499
462
483
464
512
447
411
449
478
523
539
634
627
762
722
905
822
883
871
825
875
890
844
946
1022
1132
1038
931
832
846
882
929
852
857
862
744
873
774
745
798
759
893
700
874
625
626
605
498
507
399
424
371
347
296
317
314
293
281
315
281
295
261
305
323
305
365
298
336
355
344
368
350
409
441
434
470
459
471
571
518
639
656
662
647
703
677
609
654
518
602
514
505
557
439
454
382
399
325
342
307
272
270
159
186
167
167
113
135
112
93
118
73
90
85
75
74
77
84
97
96
75
65
87
75
65
61
70
50
41
47
58
53
45
43
44
46
52
50
44
37
44
49
64
63
83
52
73
78
56
81
63
84
75
51
54
62
57
65
77
63
94
70
60
25
14
15
8
10
4
5
211
71
95
142
231
250
380
351
534
574
681
689
632
786
609
765
679
763
706
701
839
705
935
803
843
730
761
732
840
795
740
814
750
719
739
742
631
831
670
753
733
687
716
775
794
776
792
759
823
896
820
911
757
874
659
761
649
667
631
661
646
608
597
609
611
690
599
711
666
669
723
763
769
841
725
869
814
983
871
938
892
955
881
856
1160
1062
1128
1043
1181
1087
1075
969
956
901
918
903
1017
991
941
988
973
920
940
781
790
797
745
771
629
734
800
834
721
856
636
595
616
592
528
506
512
464
499
511
476
457
495
490
534
488
519
553
526
577
567
649
606
625
609
547
699
651
704
640
653
552
651
481
489
523
429
513
383
461
446
420
386
348
379
288
335
230
252
211
176
196
133
148
120
145
117
110
105
105
93
83
76
72
87
74
71
60
71
64
56
73
52
66
54
65
45
56
55
55
56
47
51
45
68
46
33
49
39
59
41
47
51
49
39
42
54
52
48
49
58
47
60
35
46
42
34
45
37
48
25
30
37
33
42
40
53
43
41
34
46
23
36
29
22
15
13
13
6
5
5
2
4
8
8
2
0
2
1
1
1
0
199
130
141
193
210
239
308
289
354
438
490
574
687
614
621
658
577
550
599
591
592
568
576
611
587
630
820
1038
1128
1063
1270
922
1240
1230
1242
1472
1046
1277
1111
1068
819
861
831
775
741
676
765
564
721
643
758
591
572
571
603
650
705
838
711
802
894
628
750
681
728
576
590
593
518
514
493
430
447
437
402
381
352
354
358
277
267
250
205
240
228
225
205
228
225
210
226
213
227
176
184
178
191
262
234
289
247
309
248
252
317
280
355
392
257
321
296
304
243
266
360
397
468
562
669
641
558
900
668
870
729
687
794
462
643
638
738
609
774
867
852
1117
909
1148
870
1365
1290
1380
1695
1051
1603
1106
1670
1180
1448
1169
762
957
806
765
505
704
591
416
348
295
266
178
209
226
186
164
130
112
129
102
97
108
107
117
75
98
75
96
81
100
105
99
88
112
118
94
112
138
115
121
125
147
120
176
149
154
169
168
177
184
223
170
224
254
304
282
275
292
256
331
300
324
293
253
217
254
266
218
195
168
158
135
158
117
178
177
175
146
172
146
155
209
162
247
277
186
227
180
147
176
171
171
178
149
173
178
141
169
154
110
91
82
79
73
61
208
0
0
2
1
14
23
63
58
29
36
32
49
51
56
57
56
106
111
186
122
175
150
223
194
191
229
205
261
222
297
248
337
309
333
366
371
392
344
370
357
346
387
388
372
396
423
354
403
384
408
404
399
377
398
406
421
450
424
466
508
667
787
789
1018
833
1135
991
981
1155
948
1228
976
1117
1021
973
925
806
859
723
785
751
707
654
674
770
831
773
731
704
679
716
704
665
683
638
794
744
848
984
795
964
771
1006
1058
894
1101
845
905
929
921
1120
924
1206
1088
1117
1294
1174
1522
1576
1359
1618
1385
1845
1591
1890
2114
1735
2171
1650
1851
1409
1300
1227
846
1109
763
668
564
427
453
291
315
269
288
276
204
220
195
205
172
195
243
165
190
171
157
192
195
189
186
247
216
205
168
186
187
187
181
156
163
178
179
200
207
220
228
233
224
239
257
269
273
336
293
310
293
307
284
226
266
178
219
221
207
145
155
186
191
174
164
215
148
133
139
169
157
127
130
132
128
99
89
92
71
62
55
59
42
46
60
70
67
52
80
95
130
88
131
146
165
201
194
281
257
335
212
180
201
137
156
107
150
87
104
139
98
105
43
87
54
54
43
28
35
17
31
4
1
1
4
3
6
14
43
68
37
56
37
60
60
51
72
74
123
136
143
170
192
263
210
267
216
264
230
278
265
277
360
290
353
300
328
357
360
358
338
388
294
350
334
340
287
349
309
358
324
280
387
289
385
297
387
314
306
353
297
331
301
331
321
386
337
403
403
461
558
418
731
532
902
833
954
1185
771
1242
926
1404
1288
1392
1142
1123
1336
1169
1392
1073
1252
1253
1206
1393
1295
1533
1228
1399
1215
1406
1578
1538
1762
1710
2098
1964
1916
2042
1899
2412
2217
2448
2402
1825
2415
1806
1859
1381
1333
1173
967
938
810
751
573
584
419
503
367
421
397
384
391
375
301
349
388
302
325
297
280
286
273
247
209
267
241
270
245
252
239
259
258
261
282
235
345
299
372
349
327
346
289
326
298
339
252
342
271
259
268
231
244
255
220
216
214
172
194
217
212
290
186
238
186
246
185
133
154
132
168
141
110
113
139
109
77
97
91
69
61
59
60
82
66
72
92
61
88
78
86
91
98
139
104
172
159
174
158
219
189
222
208
168
178
149
160
111
139
103
111
92
70
114
87
82
56
48
43
24
43
31
28
21
28
20
19
10
18
3
6
8
0
3
0
1
2
53
15
24
27
42
38
61
99
107
92
97
87
137
149
129
133
165
183
186
258
318
393
525
644
498
635
704
696
846
828
661
512
621
603
574
553
456
581
522
527
541
573
518
523
527
494
497
527
561
588
523
695
767
729
1020
951
946
1114
872
948
899
767
881
942
894
895
814
915
820
745
761
760
719
627
697
534
581
625
493
610
552
537
466
591
467
507
548
621
652
431
521
531
466
459
493
520
796
536
829
657
456
527
426
508
466
454
369
455
402
356
370
355
318
347
428
313
478
458
510
496
509
608
479
613
476
658
620
574
586
415
471
426
417
409
412
309
404
354
374
383
355
416
383
463
435
428
391
411
507
454
489
374
409
484
477
492
439
543
429
453
524
454
469
471
543
550
563
559
570
490
502
591
597
557
575
517
509
474
558
511
460
476
476
442
455
432
412
465
444
467
477
444
526
504
575
524
611
626
744
659
638
600
685
771
596
677
711
557
553
576
549
391
463
411
282
302
294
223
222
211
243
247
268
234
340
255
279
286
232
262
222
178
121
110
127
90
97
107
134
117
94
136
94
115
92
93
54
108
107
69
61
24
35
15
11
36
0
0
0
0
1
1
3
5
11
13
27
38
70
33
73
74
97
114
124
138
193
188
194
175
205
192
229
217
260
254
256
277
254
255
254
265
228
251
251
259
254
270
290
302
301
382
496
524
602
573
615
604
595
630
535
564
637
646
784
735
788
780
744
1030
907
871
889
910
812
676
784
633
774
741
733
635
522
470
445
465
456
485
505
558
605
603
632
683
735
736
839
894
1043
1396
1285
1485
1338
1278
1401
1107
1302
1135
1397
1411
1372
1290
1165
1171
1240
1086
1195
1197
1032
826
781
693
750
665
712
571
678
658
597
605
520
618
625
473
495
451
469
489
519
452
535
498
507
565
513
564
558
516
617
579
583
552
613
609
617
579
575
567
563
509
514
518
484
517
553
449
476
506
496
516
547
540
587
548
573
591
604
606
553
644
577
606
551
537
546
576
510
557
491
536
558
522
570
417
579
454
442
431
384
395
299
345
281
224
209
203
173
264
206
156
161
151
140
140
87
115
98
93
81
70
68
71
73
57
47
54
51
66
54
63
127
75
68
80
78
76
92
152
133
186
180
140
103
86
87
87
70
151
120
174
85
76
83
51
50
21
35
34
22
11
4
33
206
47
56
54
67
86
88
108
142
151
199
209
255
258
274
296
269
299
327
337
407
403
448
394
481
409
430
392
412
394
409
419
476
434
457
403
470
510
422
485
407
466
406
412
371
387
427
401
476
397
452
516
582
670
678
727
624
591
705
560
556
423
379
346
379
369
454
545
527
733
579
742
602
960
799
818
860
781
758
654
710
731
867
771
946
1073
1035
1371
1296
1238
1195
1287
1386
1174
1273
1052
1301
1075
1065
923
1004
1006
1125
1190
1326
1226
1153
1162
1128
910
1285
1138
1295
1279
1304
1069
963
1099
961
996
868
915
865
1013
848
818
868
752
721
675
603
644
615
623
624
654
601
546
579
519
578
503
498
481
485
406
516
428
451
480
396
463
452
513
441
507
412
406
488
502
508
511
476
501
443
374
523
467
485
422
438
459
286
364
300
303
256
237
229
182
139
137
143
152
116
135
127
111
99
106
82
107
83
72
79
83
72
71
77
59
63
61
64
63
80
53
50
38
43
42
42
67
94
43
51
51
36
41
60
54
67
58
64
56
67
45
37
92
84
117
89
105
92
78
104
102
131
134
93
68
79
63
95
60
38
57
46
40
32
19
19
18
10
13
17
35
